1112.39099120 491.56216430 1909635.385 -299149.790
513.44749160 131.52028760 -481199.961 1138411.404
594.49935800 136.49374490 -160558.043 1116852.449
674.45676310 136.45917560 160558.042 1116852.449
834.37848910 120.53110240 800411.818 1181565.911
914.16505950 104.52160000 1117214.984 1246387.427
992.60075140 82.57511530 1430592.890 1332978.736
1070.47775820 55.70195300 1739475.760 1441468.486
354.59825700 104.51873930 -1117214.984 1246387.428
276.43449860 82.59294460 -1430592.889 1332978.736
198.44802400 55.66696850 -1739475.760 1441468.487
122.70000300 22.47700820 -2042725.297 1572003.644
344.19311510 675.11538780 -1145493.666 -1033211.453
233.49575860 655.50244490 -1602097.572 -955050.308
119.61044760 629.55615590 -2057013.885 -850147.290
6.50403600 596.25501330 -2509623.470 -717914.131
462.50559570 688.57149080 -687740.426 -1085072.901
577.45321210 694.35671100 -229319.747 -1110929.796
690.92088850 694.89487100 229319.747 -1110929.796
806.77665000 689.10965080 687740.427 -1085072.900
921.40473390 675.65565040 1145493.665 -1033211.453
1034.90604530 655.74372970 1602097.572 -955050.309
1149.41640680 629.64296880 2057013.884 -850147.289
755.22274300 131.35080680 481199.961 1138411.403
1185.40848090 769.49396860 2198973.242 -1408008.257
1063.41046310 795.42407600 1711619.453 -1514821.923
940.53513630 815.51989850 1223246.541 -1594322.142
818.56364310 828.50168130 734201.435 -1647032.319
328.51463180 815.55169230 -1223246.541 -1594322.142
450.56158880 828.38097890 -734201.435 -1647032.319
205.51346340 795.59515780 -1711619.453 -1514821.923
83.78271060 769.21762440 -2198973.242 -1408008.257
434.48721310 120.55977630 -800411.818 1181565.911
1074.60144040 354.31369020 1756443.432 247047.780
1034.46386720 218.75477600 1596954.940 790439.553
1146.04565430 22.69542690 2042725.297 1572003.645
1206.32275390 154.47044370 2284785.927 1047478.099
1264.88146970 286.42727660 2517746.943 518914.774
1121.33178710 189.43676760 1943500.398 906979.419
1170.47680660 323.57818600 2139439.556 370182.795
1217.65698240 459.48324580 2327961.169 -170801.705
1262.40222170 596.37866210 2509623.470 -717914.131
62.22216800 154.49328610 -2284785.927 1047478.099
4.19407370 286.79840090 -2517746.943 518914.774
147.18252560 189.43937680 -1943500.398 906979.419
98.49691770 324.02911380 -2139439.556 370182.795
51.62739940 459.49560550 -2327961.169 -170801.705