280.54976067 2032.29286160 -2292818.690 -3777115.789
1612.52129032 2069.07354839 3050800.825 -4071670.366
227.40611863 228.27254943 -2369561.199 3374603.518
1726.86418314 235.06497399 3599629.020 3325274.621
1423.44604492 2001.75122070 2292818.689 -3777115.789
1233.49640912 1955.35954536 1530236.619 -3572526.317
1042.40046740 1929.19679822 765519.622 -3452073.311
851.27081079 1924.61157450 -0.000 -3412303.307
661.42451613 1939.82193548 -765519.622 -3452073.311
470.50838710 1975.42709677 -1530236.619 -3572526.317
528.87586345 218.62179907 -1175936.299 3403020.319
825.11632344 215.03661833 -0.000 3412303.307
1121.17708356 217.09863893 1175936.299 3403020.319
1419.11101290 223.16157268 2369561.199 3374603.517