738.10013343 652.07213569 2657346.435 -5640611.504	
560.56908877 666.35401144 1330128.090 -5863603.791	
381.75445804 658.99716171 -1448.281 -5937340.858	
205.78827910 629.12407320 -1333038.084 -5863611.301	
35.19414551 577.47360023 -2660297.058 -5640623.641	
713.49014393 480.65199070 2353591.677 -4350165.551	
556.88472138 492.96688966 1179837.233 -4563525.133	
400.12479309 486.52320841 -1443.457 -4634214.450	
245.97561546 459.57582455 -1182735.978 -4563506.657	
95.23348725 414.58098299 -2356526.081 -4350125.194	
690.01319645 319.79766059 2050125.970 -3147672.415	
553.62821600 331.06073209 1029940.746 -3346339.571	
417.31850758 324.95973662 0.000 -3412303.307	
282.60371043 302.20862649 -1029940.746 -3346339.571	
151.85389451 262.74344878 -2050125.970 -3147672.415	
667.65740592 166.70031042 1740887.883 -2006727.808	
551.03331209 175.52694542 875974.118 -2185890.953	
782.48391366 142.70513363 2583035.396 -1707129.046	
433.83081219 171.18493826 0.000 -2245504.582	
27.24618106 207.09324459 -3049961.333 -2814046.003	
318.24071824 151.24379496 -875974.118 -2185890.953	
206.29141314 117.09406710 -1740887.883 -2006727.808	
646.14545438 15.52239682 1424484.756 -907621.919	
98.98320535 69.66589691 -2583035.396 -1707129.046	
548.37898289 23.52500126 717933.385 -1062510.123	
450.38184569 18.76940782 0.000 -1114158.446